1727815467266 0.09 10
1727815545875 0.18 20
1727815624041 0.27 30
1727815702512 0.36 40
1727815781114 0.45 50
1727815861024 0.54 60
1727815942341 0.63 70
1727816023507 0.72 80
1727816106301 0.81 90
1727816189401 0.9 100
1727816272047 0.99 110
1727816361098 1.0 111
1727816435734 1.08 120
1727816517894 1.17 130
1727816601277 1.26 140
1727816690347 1.35 150
1727816779380 1.44 160
1727816866698 1.53 170
1727816951037 1.62 180
1727817033960 1.71 190
1727817117212 1.8 200
1727817201493 1.89 210
1727817285290 1.98 220
1727817381827 2.0 222
1727817447161 2.07 230
1727817529264 2.16 240
1727817610814 2.25 250
1727817693039 2.34 260
1727817775396 2.43 270
1727817857667 2.52 280
1727817940371 2.61 290
1727818022604 2.7 300
1727818105595 2.79 310
1727818188824 2.88 320
1727818273624 2.97 330
1727818396023 3.0 333
1727818460699 3.06 340
1727818564758 3.15 350
1727818673480 3.24 360
1727818770872 3.33 370
1727818863587 3.42 380
1727818955608 3.51 390
1727819047355 3.6 400
1727819143458 3.69 410
1727819241264 3.78 420
1727819337622 3.87 430
1727819432061 3.96 440
1727819554311 4.0 444
1727819607233 4.05 450
1727819689928 4.14 460
1727819772692 4.23 470
1727819855220 4.32 480
1727819937403 4.41 490
1727820019113 4.5 500
1727820109367 4.59 510
1727820198259 4.68 520
1727820292804 4.77 530
1727820393806 4.86 540
1727820494641 4.95 550
1727820625416 5.0 555
1727820625424 5.0 555
1727820711129 5.0 555
