1727815467266 1.0000000000000002e-06 10
1727815545875 2.0000000000000003e-06 20
1727815624041 3e-06 30
1727815702512 4.000000000000001e-06 40
1727815781114 5e-06 50
1727815861024 6e-06 60
1727815942341 7.000000000000001e-06 70
1727816023507 8.000000000000001e-06 80
1727816106301 9e-06 90
1727816189401 1e-05 100
1727816272047 1.1000000000000001e-05 110
1727816435734 1.2e-05 120
1727816517894 1.3000000000000001e-05 130
1727816601277 1.4000000000000001e-05 140
1727816690347 1.5e-05 150
1727816779380 1.6000000000000003e-05 160
1727816866698 1.7000000000000003e-05 170
1727816951037 1.8e-05 180
1727817033960 1.9e-05 190
1727817117212 2e-05 200
1727817201493 2.1e-05 210
1727817285290 2.2000000000000003e-05 220
1727817447161 2.3000000000000003e-05 230
1727817529264 2.4e-05 240
1727817610814 2.5e-05 250
1727817693039 2.6000000000000002e-05 260
1727817775396 2.7000000000000002e-05 270
1727817857667 2.8000000000000003e-05 280
1727817940371 2.9e-05 290
1727818022604 3e-05 300
1727818105595 3.1e-05 310
1727818188824 3.2000000000000005e-05 320
1727818273624 3.3e-05 330
1727818460699 3.4000000000000007e-05 340
1727818564758 3.5e-05 350
1727818673480 3.6e-05 360
1727818770872 3.7e-05 370
1727818863587 3.8e-05 380
1727818955608 3.9000000000000006e-05 390
1727819047355 4e-05 400
1727819143458 4.1e-05 410
1727819241264 4.2e-05 420
1727819337622 4.3e-05 430
1727819432061 4.4000000000000006e-05 440
1727819607233 4.5e-05 450
1727819689928 4.600000000000001e-05 460
1727819772692 4.7e-05 470
1727819855220 4.8e-05 480
1727819937403 4.9e-05 490
1727820019113 5e-05 500
1727820109367 4.0909090909090915e-05 510
1727820198259 3.181818181818182e-05 520
1727820292804 2.272727272727273e-05 530
1727820393806 1.3636363636363637e-05 540
1727820494641 4.5454545454545455e-06 550
