1727815467266 0.9734 10
1727815545875 0.9414 20
1727815624041 0.8475 30
1727815702512 0.7195 40
1727815781114 0.6263 50
1727815861024 0.4373 60
1727815942341 0.3102 70
1727816023507 0.4486 80
1727816106301 0.4012 90
1727816189401 0.4157 100
1727816272047 0.2714 110
1727816435734 0.2804 120
1727816517894 0.2845 130
1727816601277 0.2024 140
1727816690347 0.3218 150
1727816779380 0.2327 160
1727816866698 0.4214 170
1727816951037 0.296 180
1727817033960 0.303 190
1727817117212 0.2566 200
1727817201493 0.1954 210
1727817285290 0.2413 220
1727817447161 0.1804 230
1727817529264 0.2447 240
1727817610814 0.2177 250
1727817693039 0.3106 260
1727817775396 0.1108 270
1727817857667 0.1697 280
1727817940371 0.1871 290
1727818022604 0.2244 300
1727818105595 0.2575 310
1727818188824 0.217 320
1727818273624 0.1771 330
1727818460699 0.2212 340
1727818564758 0.2199 350
1727818673480 0.1458 360
1727818770872 0.1309 370
1727818863587 0.1177 380
1727818955608 0.1513 390
1727819047355 0.2839 400
1727819143458 0.1499 410
1727819241264 0.282 420
1727819337622 0.1072 430
1727819432061 0.1196 440
1727819607233 0.0595 450
1727819689928 0.1758 460
1727819772692 0.2585 470
1727819855220 0.2005 480
1727819937403 0.1157 490
1727820019113 0.0575 500
1727820109367 0.2823 510
1727820198259 0.1368 520
1727820292804 0.0984 530
1727820393806 0.0908 540
1727820494641 0.0308 550
